1.231
1.7
2.236
2.715
3.229
3.479
3.724
5.244
5.741
6.22
6.494
6.739
6.975
7.248
9.216
9.740
10.229
10.734
11.219
11.467
11.730
12.475
12.715
12.975
13.235
13.47
13.717
14.223
14.465
14.720
14.97
15.23
16.475
16.73
16.98
17.216
21.23
21.73
22.22
22.73
23.224
23.465
23.72
25.227
25.720
26.227
26.477
26.720
26.98
27.232
27.731
27.975
28.22
29.227
29.726
30.23
30.72
31.23
31.75
32.5
32.717
32.988
33.237
33.49
33.722
34.225
34.47
34.73
34.97
35.24
37.96
38.21
38.45
38.7
39.46
39.7
39.95
40.2
40.46
40.71
41.08
41.21
41.96
42.21
42.46
42.71
43.45
43.7
43.96
44.2
44.46
44.7
45.08
45.2
45.96
46.22
46.454
46.7
47.46
47.7
47.96
48.2
48.45
48.7
49.08
49.2
49.96
50.2
50.46
50.58
50.70
51.46
51.7
51.96
52.46
52.7
52.96
55.48
55.73
55.99
56.24
56.48
56.73
57.1
57.233
57.98
58.23
58.48
58.73
59.48
59.73
59.98
60.2
60.47
60.7
61.1
62.98
63.23
64.2
64.7
65.22
66.23
66.48
66.6
66.725
67.25
67.47
67.72
67.98
68.1
68.23
68.48
68.73
68.97
69.2
69.47
69.72
69.97
70.2
70.47
70.72
70.97
71.22
71.46
71.72



































































































